60000
58000
56867
54000
70000
38000
36000
26000
43000
75000
41411
36000
26000
40000
40000
62000
30000
22680
27600
44000
32400
56000
261546
40000
77000
30818
42000
500000
77570
60000
42000
65000
60000
120000
54000
46860
81000
75000
75000
35000
43000
40000
73000
14134
75000
210000
80000
38400
105227
84000
48000
55000
88000
50000
22000
70000
36000
36000
42000
115000
72000
50000
48000
30000
48000
25000
42000
57400
70000
53000
31000
46000
50000
45000
50000
71786
47000
130773
103528
57000
45000
70000
40000
75000
57000
22000
30514
118875
60000
32000
46860
132000
100000
22000
141671
87500
80000
65000
30514
27440
30000
42000
108100
25000
43200
88080
53000
87688
25008
550000
54000
56687
43700
48000
22000
60000
48000
180000
82000
63000
40000
21000
36000
220000
30000
66000
36000
80000
30000
40000
32400
30000
38000
23000
38500
50000
40000
45000
40000
65460
50000
18500
54550
36000
28000
26500
65000
40000
48000
30000
25500
108284
30400
52000
48000
50000
70000
35000
57758
27000
25500
75000
75000
44000
47000
27000
18000
28366
43638
50000
40000
38000
62662
64000
36600
46000
25000
80000
60000
21800
31000
44000
51000
60000
44000
70000
30000
45000
28000
30000
42782
44500
54022
63000
80000
51500
53000
55000
55000
45000
50000
30000
50600
38142
47400
30000
48000
45000
40630
26000
46500
46860
70000
21000
48000
32500
53000
60000
30000
38000
80000
135380
37000
13800
22000
45000
34741
48000
50000
38000
44000
31200
32000
65000
70000
48000
103528
64000
53000
52000
34000
70000
120000
185000
70000
30000
850000
48000
21000
53800
50000
44000
55000
45000
28000
31200
61500
60000
42000
32683
51250
20000
38000
32000
27000
42000
35680
22300
40000
46800
63000
181338
47500
75665
50000
17000
36000
54000
58000
32683
57000
54275
11400
100000
46000
21400
53000
15801
65000
62662
80000
43431
70835
75000
34873
52000
111600
102000
48400
41856
60000
65000
55000
625000
28000
100000
78000
32000
42000
22810
36000
75000
60000
42000
33000
53000
64000
37000
47500
48000
46813
63000
58656
28000
43000
40000
55000
38142
48000
52000
22000
40000
55000
68000
80750
84703
40000
110464
48500
54550
42000
50000
48000
102000
56732
16800
55000
38000
63000
20000
62000
50000
24000
60000
30000
50000
32000
12450
44000
45000
50566
50000
70151
48000
36000
60000
47000
22500
42000
56400
65000
43000
48000
54000
33628
48000
42000
50000
140000
17000
35000
75000
15400
23700
65000
120000
37052
40000
51000
820000
48085
41000
16000
45000
37000
50500
80000
42000
38000
20000
40000
22100
250000
40800
33000
24400
58000
47000
130000
52854
30000
24800
28800
85000
14000
44400
35774
38200
35000
60000
28000
34000
55000
45000
26000
50000
48040
36000
54000
65000
50000
71825
136375
80000
30000
36000
141000
80000
30600
65000
36000
66000
72000
65000
21785
48604
55000
18000
50000
28236
142800
43800
50000
68000
116626
65000
36000
45000
52308
56000
48000
20000
22128
31000
48000
57758
58000
53000
28000
26400
28000
60000
32000
60000
35000
87000
67382
50000
45000
38048
26500
44000
54000
43200
80000
40000
85000
41856
75000
40000
57000
60000
48000
52000
24000
47300
76600
50000
45000
41000
50000
26000
60000
110000
130000
38400
28616
48000
61388
43743
51805
60000
51000
24000
65000
70000
100000
55000
58000
45804
57000
42000
55000
51600
20000
33000
50000
60000
30000
28447
76000
33600
24000
23800
43581
60000
14000
88000
444000
58000
20000
48000
23150
70000
72000
53170
17000
20000
37000
48000
31000
15000
50500
100000
32540
50000
70000
42000
47000
54000
116000
40000
65000
110000
38142
70000
82000
45600
47000
18000
56000
60000
23800
24000
28062
72000
42000
60000
22700
70000
113886
160000
60000
22000
35418
81733
50000
30000
36000
38142
30000
50000
36000
36000
66000
48000
80000
36000
14000
66000
55000
40000
150000
56000
50000
34104
12000
108000
42000
30000
36000
62031
50400
24000
100000
60000
51630
45500
43000
36882
38142
24000
38000
54000
54488
48000
68000
60000
60000
38142
42000
50000
28000
40800
60000
18680
14400
80000
61700
36000
40000
30000
75000
28000
51000
77000
38000
86000
45000
60000
54000
86000
55000
27830
30000
18616
34800
68000
35000
27000
53400
63000
65000
42500
60000
36000
47473
30000
48000
80000
48528
34000
24000
33000
48000
50000
80000
37000
31000
80000
50000
63000
80000
38000
70815
35000
42000
120000
50000
73500
60000
60000
23040
14000
36003
43581
15000
54000
45000
55000
48000
120000
56000
50130
30000
55000
51000
35000
48000
15000
27000
28000
84386
45000
36000
33000
85000
44780
84704
71000
70000
28000
18880
20000
35400
60000
33000
40867
220000
44000
30000
32500
32000
26000
41204
43640
117701
57758
80000
48040
65000
72000
70000
47588
35400
120000
60000
60000
38000
48000
25200
31000
63500
49200
39000
26666
34800
60000
59640
29000
43000
49050
20000
61027
50000
70000
61800
34039
47473
120010
32000
43380
22500
83500
52000
40340
75000
72000
84000
110000
45000
60005
30000
59500
39600
37221
49040
25000
36000
70518
66000
58000
32000
70000
54000
36000
48000
45000
26000
54000
99500
66858
103645
46000
55000
77000
46000
56000
48300
62000
47000
27091
60000
57400
21000
92735
58000
52000
69000
102000
68000
49040
108977
44400
75653
44800
68000
59938
51000
680000
35000
56967
44745
57600
50000
45000
48000
75000
33000
40000
36800
60000
60000
45000
44000
47000
35000
35000
55000
45000
58000
46000
53000
31400
55000
18000
17354
37000
34000
154568
40000
44000
98344
65000
38000
45000
54415
63605
95790
96000
98000
91911
89000
57000
90000
95000
59000
30000
53000
33000
99900
69000
85000
99500
36000
35000
39000
39000
60000
30000
69500
68656
30000
87980
36000
60000
35000
51977
90000
57900
15000
76000
55000
99095
38900
33500
91500
99860
63907
39000
17180
38000
59000
119800
60000
91760
97601
31800
79000
98000
97000
35000
150000
99200
99979
12600
70000
25000
39000
55000
16000
36830
36000
39000
60000
38900
32000
39000
57000
70000
28339
31000
36000
90000
39276
59938
111891
32000
95000
110000
63000
36000
63207
38200
91800
21000
93690
99200
59000
99900
50000
69000
31200
58000
90000
75000
75000
70500
95000
11692
50980
61000
31000
53000
60555
35000
99800
108000
60000
80000
102000
96315
100000
69800
50000
97691
62000
30000
31000
15000
26675
90000
50500
26000
97902
27000
36000
38000
139999
75000
99097
95000
18000
50000
70000
15700
65000
31505
99000
90000
55000
30000
65000
50000
32112
60000
59000
59989
55000
120000
30000
90000
90990
91000
35000
26000
53355
80000
16000
32000
95000
33000
65000
101399
90000
35000
36000
79000
93000
50000
70000
76289
18500
48057
42000
19579
30000
32000
40000
95000
30000
78000
55000
72000
41800
92000
27244
37000
18584
44000
65000
27600
120000
72000
27000
250000
30000
42000
68500
31000
40000
33800
41000
19100
53000
39200
22000
38340
16000
62000
35000
50000
30341
45000
44000
25800
81000
70000
84000
32000
31000
40000
56000
38000
87689
30000
15400
51000
16000
42000
45500
27580
37700
40000
175000
261546
42000
59000
48000
52000
56000
43400
120000
36000
46000
34873
82000
70000
71380
30000
42000
20700
31680
46000
43000
30000
62000
100000
47250
80000
103000
38000
57000
27000
54000
48000
29683
76800
48000
50000
32000
42000
75000
90000
54647
25000
70000